EXPORTER_V15
MESH_EXPORT
MATERIALGROUP = 1
MATERIAL 0
DIFFUSE 0.588 0.588 0.588 1
AMBIENT 0.588 0.588 0.588 1
SPECULAR 0.9 0.9 0.9 1
EMISSIVE 0.588 0.588 0.588 0
POWER 0.0
TEXTURE_DIR_PATH 
TEXTURE  
SPECULAR_TEXTURE  
BUMP_TEXTURE  
GEOMOBJECT_COUNT = 1
MESH_NAME = Cylinder001
MATERIAL_COUNT = 1
MATERIAL_ID = 0
VERTEX = 127
0.0 0.0 0.0
10.5713 0.0 0.0
9.93374 0.0 3.61559
8.09806 0.0 6.79508
5.28563 0.0 9.15499
1.83568 0.0 10.4107
-1.83568 0.0 10.4107
-5.28563 0.0 9.15499
-8.09806 0.0 6.79508
-9.93374 0.0 3.61559
-10.5713 0.0 1.60367e-006
-9.93374 0.0 -3.61558
-8.09806 0.0 -6.79508
-5.28564 0.0 -9.15499
-1.83569 0.0 -10.4107
1.83568 0.0 -10.4107
5.28563 0.0 -9.15499
8.09806 0.0 -6.79509
9.93374 0.0 -3.61559
10.5713 8.18337 0.0
9.93374 8.18337 3.61559
8.09806 8.18337 6.79508
5.28563 8.18337 9.15499
1.83568 8.18337 10.4107
-1.83568 8.18337 10.4107
-5.28563 8.18337 9.15499
-8.09806 8.18337 6.79508
-9.93374 8.18337 3.61559
-10.5713 8.18337 1.60367e-006
-9.93374 8.18337 -3.61558
-8.09806 8.18337 -6.79508
-5.28564 8.18337 -9.15499
-1.83569 8.18337 -10.4107
1.83568 8.18337 -10.4107
5.28563 8.18337 -9.15499
8.09806 8.18337 -6.79509
9.93374 8.18337 -3.61559
10.5713 16.3667 0.0
9.93374 16.3667 3.61559
8.09806 16.3667 6.79508
5.28563 16.3667 9.15499
1.83568 16.3667 10.4107
-1.83568 16.3667 10.4107
-5.28563 16.3667 9.15499
-8.09806 16.3667 6.79508
-9.93374 16.3667 3.61559
-10.5713 16.3667 1.59622e-006
-9.93374 16.3667 -3.61558
-8.09806 16.3667 -6.79508
-5.28564 16.3667 -9.15499
-1.83569 16.3667 -10.4107
1.83568 16.3667 -10.4107
5.28563 16.3667 -9.15499
8.09806 16.3667 -6.79509
9.93374 16.3667 -3.61559
10.5713 24.5501 0.0
9.93374 24.5501 3.61559
8.09806 24.5501 6.79508
5.28563 24.5501 9.15499
1.83568 24.5501 10.4107
-1.83568 24.5501 10.4107
-5.28563 24.5501 9.15499
-8.09806 24.5501 6.79508
-9.93374 24.5501 3.61559
-10.5713 24.5501 1.59622e-006
-9.93374 24.5501 -3.61558
-8.09806 24.5501 -6.79508
-5.28564 24.5501 -9.15499
-1.83569 24.5501 -10.4107
1.83568 24.5501 -10.4107
5.28563 24.5501 -9.15499
8.09806 24.5501 -6.79509
9.93374 24.5501 -3.61559
10.5713 32.7335 0.0
9.93374 32.7335 3.61559
8.09806 32.7335 6.79508
5.28563 32.7335 9.15499
1.83568 32.7335 10.4107
-1.83568 32.7335 10.4107
-5.28563 32.7335 9.15499
-8.09806 32.7335 6.79508
-9.93374 32.7335 3.61559
-10.5713 32.7335 1.59622e-006
-9.93374 32.7335 -3.61559
-8.09806 32.7335 -6.79508
-5.28564 32.7335 -9.15499
-1.83569 32.7335 -10.4107
1.83568 32.7335 -10.4107
5.28563 32.7335 -9.15499
8.09806 32.7335 -6.79509
9.93374 32.7335 -3.61559
10.5713 40.9168 0.0
9.93374 40.9168 3.61559
8.09806 40.9168 6.79508
5.28563 40.9168 9.15499
1.83568 40.9168 10.4107
-1.83568 40.9168 10.4107
-5.28563 40.9168 9.15499
-8.09806 40.9168 6.79508
-9.93374 40.9168 3.61559
-10.5713 40.9168 1.47701e-006
-9.93374 40.9168 -3.61558
-8.09806 40.9168 -6.79508
-5.28564 40.9168 -9.15499
-1.83569 40.9168 -10.4107
1.83568 40.9168 -10.4107
5.28563 40.9168 -9.15499
8.09806 40.9168 -6.79509
9.93374 40.9168 -3.61559
0.0 40.9168 0.0
1.83568 0.0 10.4107
1.83568 0.0 10.4107
1.83568 8.18337 10.4107
1.83568 0.0 10.4107
1.83568 8.18337 10.4107
1.83568 16.3667 10.4107
1.83568 8.18337 10.4107
1.83568 16.3667 10.4107
1.83568 24.5501 10.4107
1.83568 16.3667 10.4107
1.83568 24.5501 10.4107
1.83568 32.7335 10.4107
1.83568 24.5501 10.4107
1.83568 32.7335 10.4107
1.83568 40.9168 10.4107
1.83568 32.7335 10.4107
1.83568 40.9168 10.4107
INDEX = 216
0 1 2
0 2 3
0 3 4
0 4 5
0 110 6
0 6 7
0 7 8
0 8 9
0 9 10
0 10 11
0 11 12
0 12 13
0 13 14
0 14 15
0 15 16
0 16 17
0 17 18
0 18 1
1 19 20
1 20 2
2 20 21
2 21 3
3 21 22
3 22 4
4 22 23
4 23 5
111 112 24
113 24 6
6 24 25
6 25 7
7 25 26
7 26 8
8 26 27
8 27 9
9 27 28
9 28 10
10 28 29
10 29 11
11 29 30
11 30 12
12 30 31
12 31 13
13 31 32
13 32 14
14 32 33
14 33 15
15 33 34
15 34 16
16 34 35
16 35 17
17 35 36
17 36 18
18 36 19
18 19 1
19 37 38
19 38 20
20 38 39
20 39 21
21 39 40
21 40 22
22 40 41
22 41 23
114 115 42
116 42 24
24 42 43
24 43 25
25 43 44
25 44 26
26 44 45
26 45 27
27 45 46
27 46 28
28 46 47
28 47 29
29 47 48
29 48 30
30 48 49
30 49 31
31 49 50
31 50 32
32 50 51
32 51 33
33 51 52
33 52 34
34 52 53
34 53 35
35 53 54
35 54 36
36 54 37
36 37 19
37 55 56
37 56 38
38 56 57
38 57 39
39 57 58
39 58 40
40 58 59
40 59 41
117 118 60
119 60 42
42 60 61
42 61 43
43 61 62
43 62 44
44 62 63
44 63 45
45 63 64
45 64 46
46 64 65
46 65 47
47 65 66
47 66 48
48 66 67
48 67 49
49 67 68
49 68 50
50 68 69
50 69 51
51 69 70
51 70 52
52 70 71
52 71 53
53 71 72
53 72 54
54 72 55
54 55 37
55 73 74
55 74 56
56 74 75
56 75 57
57 75 76
57 76 58
58 76 77
58 77 59
120 121 78
122 78 60
60 78 79
60 79 61
61 79 80
61 80 62
62 80 81
62 81 63
63 81 82
63 82 64
64 82 83
64 83 65
65 83 84
65 84 66
66 84 85
66 85 67
67 85 86
67 86 68
68 86 87
68 87 69
69 87 88
69 88 70
70 88 89
70 89 71
71 89 90
71 90 72
72 90 73
72 73 55
73 91 92
73 92 74
74 92 93
74 93 75
75 93 94
75 94 76
76 94 95
76 95 77
123 124 96
125 96 78
78 96 97
78 97 79
79 97 98
79 98 80
80 98 99
80 99 81
81 99 100
81 100 82
82 100 101
82 101 83
83 101 102
83 102 84
84 102 103
84 103 85
85 103 104
85 104 86
86 104 105
86 105 87
87 105 106
87 106 88
88 106 107
88 107 89
89 107 108
89 108 90
90 108 91
90 91 73
109 92 91
109 93 92
109 94 93
109 95 94
109 96 126
109 97 96
109 98 97
109 99 98
109 100 99
109 101 100
109 102 101
109 103 102
109 104 103
109 105 104
109 106 105
109 107 106
109 108 107
109 91 108
FACE-NORMAL = 216
0.0 -1.0 0.0
0.0 -1.0 0.0
0.0 -1.0 0.0
0.0 -1.0 0.0
0.0 -1.0 0.0
0.0 -1.0 0.0
0.0 -1.0 0.0
0.0 -1.0 0.0
0.0 -1.0 0.0
0.0 -1.0 0.0
0.0 -1.0 0.0
0.0 -1.0 0.0
0.0 -1.0 0.0
0.0 -1.0 0.0
0.0 -1.0 0.0
0.0 -1.0 0.0
0.0 -1.0 0.0
0.0 -1.0 0.0
0.984808 0.0 0.173648
0.984808 0.0 0.173648
0.866025 0.0 0.5
0.866025 0.0 0.5
0.642788 0.0 0.766045
0.642788 0.0 0.766045
0.34202 0.0 0.939693
0.34202 0.0 0.939693
0.0 0.0 1.0
0.0 0.0 1.0
-0.34202 0.0 0.939693
-0.34202 0.0 0.939693
-0.642788 0.0 0.766044
-0.642788 0.0 0.766044
-0.866025 0.0 0.5
-0.866025 0.0 0.5
-0.984808 0.0 0.173648
-0.984808 0.0 0.173648
-0.984808 0.0 -0.173648
-0.984808 0.0 -0.173648
-0.866025 0.0 -0.5
-0.866025 0.0 -0.5
-0.642788 0.0 -0.766044
-0.642788 0.0 -0.766044
-0.34202 0.0 -0.939692
-0.34202 0.0 -0.939692
-5.19521e-007 0.0 -1.0
-5.19521e-007 0.0 -1.0
0.34202 0.0 -0.939693
0.34202 0.0 -0.939693
0.642787 0.0 -0.766045
0.642787 0.0 -0.766045
0.866025 0.0 -0.5
0.866025 0.0 -0.5
0.984808 0.0 -0.173649
0.984808 0.0 -0.173649
0.984808 0.0 0.173648
0.984808 0.0 0.173648
0.866025 0.0 0.5
0.866025 0.0 0.5
0.642788 0.0 0.766045
0.642788 0.0 0.766045
0.34202 0.0 0.939693
0.34202 0.0 0.939693
0.0 0.0 1.0
0.0 0.0 1.0
-0.34202 0.0 0.939693
-0.34202 0.0 0.939693
-0.642788 0.0 0.766044
-0.642788 0.0 0.766044
-0.866025 0.0 0.5
-0.866025 0.0 0.5
-0.984808 0.0 0.173648
-0.984808 0.0 0.173648
-0.984808 0.0 -0.173648
-0.984808 0.0 -0.173648
-0.866025 0.0 -0.5
-0.866025 0.0 -0.5
-0.642788 0.0 -0.766044
-0.642788 0.0 -0.766044
-0.34202 0.0 -0.939692
-0.34202 0.0 -0.939692
-5.19521e-007 0.0 -1.0
-5.19521e-007 0.0 -1.0
0.34202 0.0 -0.939693
0.34202 0.0 -0.939693
0.642787 0.0 -0.766045
0.642787 0.0 -0.766045
0.866025 0.0 -0.5
0.866025 0.0 -0.5
0.984808 0.0 -0.173649
0.984808 0.0 -0.173649
0.984808 0.0 0.173648
0.984808 0.0 0.173648
0.866025 0.0 0.5
0.866025 0.0 0.5
0.642788 0.0 0.766045
0.642788 0.0 0.766045
0.34202 0.0 0.939693
0.34202 0.0 0.939693
0.0 0.0 1.0
0.0 0.0 1.0
-0.34202 0.0 0.939693
-0.34202 0.0 0.939693
-0.642788 0.0 0.766044
-0.642788 0.0 0.766044
-0.866025 0.0 0.5
-0.866025 0.0 0.5
-0.984808 0.0 0.173648
-0.984808 0.0 0.173648
-0.984808 0.0 -0.173648
-0.984808 0.0 -0.173648
-0.866025 0.0 -0.5
-0.866025 0.0 -0.5
-0.642788 0.0 -0.766044
-0.642788 0.0 -0.766044
-0.34202 0.0 -0.939692
-0.34202 0.0 -0.939692
-5.19521e-007 0.0 -1.0
-5.19521e-007 0.0 -1.0
0.34202 0.0 -0.939693
0.34202 0.0 -0.939693
0.642787 0.0 -0.766045
0.642787 0.0 -0.766045
0.866025 0.0 -0.5
0.866025 0.0 -0.5
0.984808 0.0 -0.173649
0.984808 0.0 -0.173649
0.984808 0.0 0.173648
0.984808 0.0 0.173648
0.866025 0.0 0.5
0.866025 0.0 0.5
0.642788 0.0 0.766045
0.642788 0.0 0.766045
0.34202 0.0 0.939693
0.34202 0.0 0.939693
0.0 0.0 1.0
0.0 0.0 1.0
-0.34202 0.0 0.939693
-0.34202 0.0 0.939693
-0.642788 0.0 0.766044
-0.642788 0.0 0.766044
-0.866025 0.0 0.5
-0.866025 0.0 0.5
-0.984808 0.0 0.173648
-0.984808 0.0 0.173648
-0.984808 0.0 -0.173648
-0.984808 0.0 -0.173648
-0.866026 0.0 -0.5
-0.866025 0.0 -0.5
-0.642788 0.0 -0.766044
-0.642788 0.0 -0.766044
-0.34202 0.0 -0.939692
-0.34202 0.0 -0.939692
-5.19521e-007 0.0 -1.0
-5.19521e-007 0.0 -1.0
0.34202 0.0 -0.939693
0.34202 0.0 -0.939693
0.642787 0.0 -0.766045
0.642787 0.0 -0.766045
0.866025 0.0 -0.5
0.866025 0.0 -0.5
0.984808 0.0 -0.173649
0.984808 0.0 -0.173649
0.984808 0.0 0.173648
0.984808 0.0 0.173648
0.866025 0.0 0.5
0.866025 0.0 0.5
0.642788 0.0 0.766045
0.642788 0.0 0.766045
0.34202 0.0 0.939693
0.34202 0.0 0.939693
0.0 0.0 1.0
0.0 0.0 1.0
-0.34202 0.0 0.939693
-0.34202 0.0 0.939693
-0.642788 0.0 0.766044
-0.642788 0.0 0.766044
-0.866025 0.0 0.5
-0.866025 0.0 0.5
-0.984808 0.0 0.173648
-0.984808 0.0 0.173648
-0.984808 0.0 -0.173648
-0.984808 0.0 -0.173648
-0.866025 0.0 -0.5
-0.866026 0.0 -0.5
-0.642788 0.0 -0.766044
-0.642788 0.0 -0.766044
-0.34202 0.0 -0.939692
-0.34202 0.0 -0.939692
-5.19521e-007 0.0 -1.0
-5.19521e-007 0.0 -1.0
0.34202 0.0 -0.939693
0.34202 0.0 -0.939693
0.642787 0.0 -0.766045
0.642787 0.0 -0.766045
0.866025 0.0 -0.5
0.866025 0.0 -0.5
0.984808 0.0 -0.173649
0.984808 0.0 -0.173649
0.0 1.0 0.0
0.0 1.0 0.0
0.0 1.0 0.0
0.0 1.0 0.0
0.0 1.0 0.0
0.0 1.0 0.0
0.0 1.0 0.0
0.0 1.0 0.0
0.0 1.0 0.0
0.0 1.0 0.0
0.0 1.0 0.0
0.0 1.0 0.0
0.0 1.0 0.0
0.0 1.0 0.0
0.0 1.0 0.0
0.0 1.0 0.0
0.0 1.0 0.0
0.0 1.0 0.0
TEXTURE-VERTEX = 127
0.5 1.0
0.75 1.0
0.805556 1.0
0.861111 1.0
0.916667 1.0
0.972222 1.0
0.0277778 1.0
0.0833334 1.0
0.138889 1.0
0.194444 1.0
0.25 1.0
0.305556 1.0
0.361111 1.0
0.416667 1.0
0.472222 1.0
0.527778 1.0
0.583333 1.0
0.638889 1.0
0.694444 1.0
0.75 0.8
0.805556 0.8
0.861111 0.8
0.916667 0.8
0.972222 0.8
0.0277778 0.8
0.0833334 0.8
0.138889 0.8
0.194444 0.8
0.25 0.8
0.305556 0.8
0.361111 0.8
0.416667 0.8
0.472222 0.8
0.527778 0.8
0.583333 0.8
0.638889 0.8
0.694444 0.8
0.75 0.6
0.805556 0.6
0.861111 0.6
0.916667 0.6
0.972222 0.6
0.0277778 0.6
0.0833334 0.6
0.138889 0.6
0.194444 0.6
0.25 0.6
0.305556 0.6
0.361111 0.6
0.416667 0.6
0.472222 0.6
0.527778 0.6
0.583333 0.6
0.638889 0.6
0.694444 0.6
0.75 0.4
0.805556 0.4
0.861111 0.4
0.916667 0.4
0.972222 0.4
0.0277778 0.4
0.0833334 0.4
0.138889 0.4
0.194444 0.4
0.25 0.4
0.305556 0.4
0.361111 0.4
0.416667 0.4
0.472222 0.4
0.527778 0.4
0.583333 0.4
0.638889 0.4
0.694444 0.4
0.75 0.2
0.805556 0.2
0.861111 0.2
0.916667 0.2
0.972222 0.2
0.0277778 0.2
0.0833334 0.2
0.138889 0.2
0.194444 0.2
0.25 0.2
0.305556 0.2
0.361111 0.2
0.416667 0.2
0.472222 0.2
0.527778 0.2
0.583333 0.2
0.638889 0.2
0.694444 0.2
0.75 0.0
0.805556 0.0
0.861111 0.0
0.916667 0.0
0.972222 0.0
0.0277778 0.0
0.0833334 0.0
0.138889 0.0
0.194444 0.0
0.25 0.0
0.305556 0.0
0.361111 0.0
0.416667 0.0
0.472222 0.0
0.527778 0.0
0.583333 0.0
0.638889 0.0
0.694444 0.0
0.5 0.0
-0.0277778 1.0
-0.0277778 1.0
-0.0277778 0.8
-0.0277778 1.0
-0.0277778 0.8
-0.0277778 0.6
-0.0277778 0.8
-0.0277778 0.6
-0.0277778 0.4
-0.0277778 0.6
-0.0277778 0.4
-0.0277778 0.2
-0.0277778 0.4
-0.0277778 0.2
-0.0277778 0.0
-0.0277778 0.2
-0.0277778 0.0
TEXTURE-FACE = 0
ATTRIBUTE_COUNT = 0
VERTEXWEIGHT_COUNT = 127
VTXWEIGHT_VERTEX_COUNT = 0 1
0 1.0
VTXWEIGHT_VERTEX_COUNT = 1 1
0 1.0
VTXWEIGHT_VERTEX_COUNT = 2 1
0 1.0
VTXWEIGHT_VERTEX_COUNT = 3 1
0 1.0
VTXWEIGHT_VERTEX_COUNT = 4 1
0 1.0
VTXWEIGHT_VERTEX_COUNT = 5 1
0 1.0
VTXWEIGHT_VERTEX_COUNT = 6 1
0 1.0
VTXWEIGHT_VERTEX_COUNT = 7 1
0 1.0
VTXWEIGHT_VERTEX_COUNT = 8 1
0 1.0
VTXWEIGHT_VERTEX_COUNT = 9 1
0 1.0
VTXWEIGHT_VERTEX_COUNT = 10 1
0 1.0
VTXWEIGHT_VERTEX_COUNT = 11 1
0 1.0
VTXWEIGHT_VERTEX_COUNT = 12 1
0 1.0
VTXWEIGHT_VERTEX_COUNT = 13 1
0 1.0
VTXWEIGHT_VERTEX_COUNT = 14 1
0 1.0
VTXWEIGHT_VERTEX_COUNT = 15 1
0 1.0
VTXWEIGHT_VERTEX_COUNT = 16 1
0 1.0
VTXWEIGHT_VERTEX_COUNT = 17 1
0 1.0
VTXWEIGHT_VERTEX_COUNT = 18 1
0 1.0
VTXWEIGHT_VERTEX_COUNT = 19 1
0 1.0
VTXWEIGHT_VERTEX_COUNT = 20 1
0 1.0
VTXWEIGHT_VERTEX_COUNT = 21 1
0 1.0
VTXWEIGHT_VERTEX_COUNT = 22 1
0 1.0
VTXWEIGHT_VERTEX_COUNT = 23 1
0 1.0
VTXWEIGHT_VERTEX_COUNT = 24 1
0 1.0
VTXWEIGHT_VERTEX_COUNT = 25 1
0 1.0
VTXWEIGHT_VERTEX_COUNT = 26 1
0 1.0
VTXWEIGHT_VERTEX_COUNT = 27 1
0 1.0
VTXWEIGHT_VERTEX_COUNT = 28 1
0 1.0
VTXWEIGHT_VERTEX_COUNT = 29 1
0 1.0
VTXWEIGHT_VERTEX_COUNT = 30 1
0 1.0
VTXWEIGHT_VERTEX_COUNT = 31 1
0 1.0
VTXWEIGHT_VERTEX_COUNT = 32 1
0 1.0
VTXWEIGHT_VERTEX_COUNT = 33 1
0 1.0
VTXWEIGHT_VERTEX_COUNT = 34 1
0 1.0
VTXWEIGHT_VERTEX_COUNT = 35 1
0 1.0
VTXWEIGHT_VERTEX_COUNT = 36 1
0 1.0
VTXWEIGHT_VERTEX_COUNT = 37 1
1 1.0
VTXWEIGHT_VERTEX_COUNT = 38 1
1 1.0
VTXWEIGHT_VERTEX_COUNT = 39 1
1 1.0
VTXWEIGHT_VERTEX_COUNT = 40 1
1 1.0
VTXWEIGHT_VERTEX_COUNT = 41 1
1 1.0
VTXWEIGHT_VERTEX_COUNT = 42 1
1 1.0
VTXWEIGHT_VERTEX_COUNT = 43 1
1 1.0
VTXWEIGHT_VERTEX_COUNT = 44 1
1 1.0
VTXWEIGHT_VERTEX_COUNT = 45 1
1 1.0
VTXWEIGHT_VERTEX_COUNT = 46 1
1 1.0
VTXWEIGHT_VERTEX_COUNT = 47 1
1 1.0
VTXWEIGHT_VERTEX_COUNT = 48 1
1 1.0
VTXWEIGHT_VERTEX_COUNT = 49 1
1 1.0
VTXWEIGHT_VERTEX_COUNT = 50 1
1 1.0
VTXWEIGHT_VERTEX_COUNT = 51 1
1 1.0
VTXWEIGHT_VERTEX_COUNT = 52 1
1 1.0
VTXWEIGHT_VERTEX_COUNT = 53 1
1 1.0
VTXWEIGHT_VERTEX_COUNT = 54 1
1 1.0
VTXWEIGHT_VERTEX_COUNT = 55 1
1 1.0
VTXWEIGHT_VERTEX_COUNT = 56 1
1 1.0
VTXWEIGHT_VERTEX_COUNT = 57 1
1 1.0
VTXWEIGHT_VERTEX_COUNT = 58 1
1 1.0
VTXWEIGHT_VERTEX_COUNT = 59 1
1 1.0
VTXWEIGHT_VERTEX_COUNT = 60 1
1 1.0
VTXWEIGHT_VERTEX_COUNT = 61 1
1 1.0
VTXWEIGHT_VERTEX_COUNT = 62 1
1 1.0
VTXWEIGHT_VERTEX_COUNT = 63 1
1 1.0
VTXWEIGHT_VERTEX_COUNT = 64 1
1 1.0
VTXWEIGHT_VERTEX_COUNT = 65 1
1 1.0
VTXWEIGHT_VERTEX_COUNT = 66 1
1 1.0
VTXWEIGHT_VERTEX_COUNT = 67 1
1 1.0
VTXWEIGHT_VERTEX_COUNT = 68 1
1 1.0
VTXWEIGHT_VERTEX_COUNT = 69 1
1 1.0
VTXWEIGHT_VERTEX_COUNT = 70 1
1 1.0
VTXWEIGHT_VERTEX_COUNT = 71 1
1 1.0
VTXWEIGHT_VERTEX_COUNT = 72 1
1 1.0
VTXWEIGHT_VERTEX_COUNT = 73 1
2 1.0
VTXWEIGHT_VERTEX_COUNT = 74 1
2 1.0
VTXWEIGHT_VERTEX_COUNT = 75 1
2 1.0
VTXWEIGHT_VERTEX_COUNT = 76 1
2 1.0
VTXWEIGHT_VERTEX_COUNT = 77 1
2 1.0
VTXWEIGHT_VERTEX_COUNT = 78 1
2 1.0
VTXWEIGHT_VERTEX_COUNT = 79 1
2 1.0
VTXWEIGHT_VERTEX_COUNT = 80 1
2 1.0
VTXWEIGHT_VERTEX_COUNT = 81 1
2 1.0
VTXWEIGHT_VERTEX_COUNT = 82 1
2 1.0
VTXWEIGHT_VERTEX_COUNT = 83 1
2 1.0
VTXWEIGHT_VERTEX_COUNT = 84 1
2 1.0
VTXWEIGHT_VERTEX_COUNT = 85 1
2 1.0
VTXWEIGHT_VERTEX_COUNT = 86 1
2 1.0
VTXWEIGHT_VERTEX_COUNT = 87 1
2 1.0
VTXWEIGHT_VERTEX_COUNT = 88 1
2 1.0
VTXWEIGHT_VERTEX_COUNT = 89 1
2 1.0
VTXWEIGHT_VERTEX_COUNT = 90 1
2 1.0
VTXWEIGHT_VERTEX_COUNT = 91 1
3 1.0
VTXWEIGHT_VERTEX_COUNT = 92 1
3 1.0
VTXWEIGHT_VERTEX_COUNT = 93 1
3 1.0
VTXWEIGHT_VERTEX_COUNT = 94 1
3 1.0
VTXWEIGHT_VERTEX_COUNT = 95 1
3 1.0
VTXWEIGHT_VERTEX_COUNT = 96 1
3 1.0
VTXWEIGHT_VERTEX_COUNT = 97 1
3 1.0
VTXWEIGHT_VERTEX_COUNT = 98 1
3 1.0
VTXWEIGHT_VERTEX_COUNT = 99 1
3 1.0
VTXWEIGHT_VERTEX_COUNT = 100 1
3 1.0
VTXWEIGHT_VERTEX_COUNT = 101 1
3 1.0
VTXWEIGHT_VERTEX_COUNT = 102 1
3 1.0
VTXWEIGHT_VERTEX_COUNT = 103 1
3 1.0
VTXWEIGHT_VERTEX_COUNT = 104 1
3 1.0
VTXWEIGHT_VERTEX_COUNT = 105 1
3 1.0
VTXWEIGHT_VERTEX_COUNT = 106 1
3 1.0
VTXWEIGHT_VERTEX_COUNT = 107 1
3 1.0
VTXWEIGHT_VERTEX_COUNT = 108 1
3 1.0
VTXWEIGHT_VERTEX_COUNT = 109 3
2 0.0322336
3 0.791217
4 0.17655
VTXWEIGHT_VERTEX_COUNT = 110 1
0 1.0
VTXWEIGHT_VERTEX_COUNT = 111 1
0 1.0
VTXWEIGHT_VERTEX_COUNT = 112 1
0 1.0
VTXWEIGHT_VERTEX_COUNT = 113 1
0 1.0
VTXWEIGHT_VERTEX_COUNT = 114 1
0 1.0
VTXWEIGHT_VERTEX_COUNT = 115 1
1 1.0
VTXWEIGHT_VERTEX_COUNT = 116 1
0 1.0
VTXWEIGHT_VERTEX_COUNT = 117 1
1 1.0
VTXWEIGHT_VERTEX_COUNT = 118 1
1 1.0
VTXWEIGHT_VERTEX_COUNT = 119 1
1 1.0
VTXWEIGHT_VERTEX_COUNT = 120 1
1 1.0
VTXWEIGHT_VERTEX_COUNT = 121 1
2 1.0
VTXWEIGHT_VERTEX_COUNT = 122 1
1 1.0
VTXWEIGHT_VERTEX_COUNT = 123 1
2 1.0
VTXWEIGHT_VERTEX_COUNT = 124 1
3 1.0
VTXWEIGHT_VERTEX_COUNT = 125 1
2 1.0
VTXWEIGHT_VERTEX_COUNT = 126 1
3 1.0
BONEOBJECT_COUNT = 5
VERTEX = 9
-2.00001 2.95107 -2.00017
-1.99999 3.08344 1.99764
2.00001 3.08344 1.99762
1.99999 2.95107 -2.00019
-0.200002 15.8593 -0.626616
-0.200001 15.8726 -0.226835
0.199999 15.8726 -0.226836
0.199998 15.8593 -0.626617
0.0 1.01835 0.0649153
INDEX = 14
4 5 7
6 7 5
1 2 5
6 5 2
0 1 4
5 4 1
7 6 3
2 3 6
4 7 0
3 0 7
8 1 0
8 2 1
8 3 2
8 0 3
FACE-NORMAL = 14
0.0 0.999452 -0.0330944
0.0 0.999452 -0.0330944
3.40571e-006 0.171362 0.985208
3.40571e-006 0.171362 0.985208
-0.99034 0.138587 -0.00458554
-0.99034 0.138587 -0.00458554
0.99034 0.138587 -0.00459239
0.99034 0.138587 -0.00459239
-3.43784e-006 0.105812 -0.994386
-3.43784e-006 0.105812 -0.994386
-0.707107 -0.706719 0.0234037
2.52508e-006 -0.683318 0.730121
0.707107 -0.706719 0.0233988
-2.36124e-006 -0.730121 -0.683318
BONE = 0
BONE_NAME = Bone001
PARENT_ID = -1
LOCALTM 
MAT 0.0 0.999452 -0.0330944 0.0
MAT -1.0 0.0 3.45709e-006 0.0
MAT 3.45515e-006 0.0330944 0.999452 0.0
MAT 0.0 1.01835 0.0649153 1.0
WORLDTM 
MAT 0.0 0.999452 -0.0330944 0.0
MAT -1.0 0.0 3.45709e-006 0.0
MAT 3.45515e-006 0.0330944 0.999452 0.0
MAT 0.0 1.01835 0.0649153 1.0
VERTEX = 9
-2.0 17.8659 -2.42673
-2.0 17.8659 1.57327
2.0 17.8659 1.57327
2.0 17.8659 -2.42673
-0.2 28.0587 -0.626728
-0.2 28.0587 -0.226728
0.2 28.0587 -0.226728
0.2 28.0587 -0.626728
-1.65969e-006 15.8659 -0.426726
INDEX = 14
4 5 7
6 7 5
1 2 5
6 5 2
0 1 4
5 4 1
7 6 3
2 3 6
4 7 0
3 0 7
8 1 0
8 2 1
8 3 2
8 0 3
FACE-NORMAL = 14
1.34591e-007 1.0 -1.2666e-007
1.34591e-007 1.0 -1.2666e-007
0.0 0.173906 0.984762
0.0 0.173906 0.984762
-0.984762 0.173906 0.0
-0.984762 0.173906 0.0
0.984762 0.173906 0.0
0.984762 0.173906 0.0
0.0 0.173906 -0.984762
0.0 0.173906 -0.984762
-0.707107 -0.707107 1.2047e-007
0.0 -0.707107 0.707107
0.707107 -0.707107 0.0
-1.26078e-007 -0.707107 -0.707107
BONE = 1
BONE_NAME = Bone002
PARENT_ID = 0
LOCALTM 
MAT 0.999452 -1.36038e-007 0.0330943 0.0
MAT 2.48927e-007 1.0 -3.40701e-006 0.0
MAT -0.0330943 3.41338e-006 0.999452 0.0
MAT 14.8557 0.0 0.0 1.0
WORLDTM 
MAT 1.34591e-007 1.0 -1.2666e-007 0.0
MAT -1.0 1.34591e-007 0.0 0.0
MAT 0.0 1.2666e-007 1.0 0.0
MAT -1.65969e-006 15.8659 -0.426726 1.0
VERTEX = 9
-2.0 30.0142 -2.47019
-2.0 30.1021 1.52884
2.0 30.1021 1.52884
2.0 30.0142 -2.47019
-0.199999 37.0022 -0.823338
-0.199999 37.0109 -0.423435
0.200001 37.0109 -0.423435
0.200001 37.0022 -0.823338
0.0 28.0587 -0.426728
INDEX = 14
4 5 7
6 7 5
1 2 5
6 5 2
0 1 4
5 4 1
7 6 3
2 3 6
4 7 0
3 0 7
8 1 0
8 2 1
8 3 2
8 0 3
FACE-NORMAL = 14
1.33598e-007 0.999759 -0.0219729
1.33598e-007 0.999759 -0.0219729
0.0 0.271929 0.962317
0.0 0.271929 0.962317
-0.96806 0.250658 -0.00550899
-0.96806 0.250658 -0.00550899
0.96806 0.250658 -0.00550907
0.96806 0.250658 -0.00550907
0.0 0.229387 -0.973335
0.0 0.229387 -0.973335
-0.707107 -0.706936 0.0155372
0.0 -0.691399 0.722473
0.707107 -0.706936 0.0155372
-1.25369e-007 -0.722473 -0.691399
BONE = 2
BONE_NAME = Bone003
PARENT_ID = 1
LOCALTM 
MAT 0.999758 0.0 -0.0219728 0.0
MAT 0.0 1.0 0.0 0.0
MAT 0.0219728 0.0 0.999758 0.0
MAT 12.1927 0.0 0.0 1.0
WORLDTM 
MAT 1.33598e-007 0.999758 -0.0219729 0.0
MAT -1.0 1.34526e-007 0.0 0.0
MAT 0.0 0.0219729 0.999758 0.0
MAT 0.0 28.0587 -0.426728 1.0
VERTEX = 9
-2.0 39.1439 -2.47581
-2.0 38.8589 1.51402
2.0 38.8589 1.51402
2.0 39.1439 -2.47581
-0.199999 43.9037 -0.331245
-0.199999 43.8752 0.0677391
0.200001 43.8752 0.0677391
0.200001 43.9037 -0.331245
0.0 37.0065 -0.623385
INDEX = 14
4 5 7
6 7 5
1 2 5
6 5 2
0 1 4
5 4 1
7 6 3
2 3 6
4 7 0
3 0 7
8 1 0
8 2 1
8 3 2
8 0 3
FACE-NORMAL = 14
1.37088e-007 0.997459 0.071247
1.37088e-007 0.997459 0.071247
0.0 0.277031 0.960861
0.0 0.277031 0.960861
-0.938681 0.343909 0.024565
-0.938681 0.343909 0.024565
0.938682 0.343909 0.0245649
0.938682 0.343909 0.0245649
0.0 0.410788 -0.911731
0.0 0.410787 -0.911731
-0.707107 -0.70531 -0.0503792
0.0 -0.755689 0.654931
0.707107 -0.70531 -0.0503793
0.0 -0.654931 -0.755689
BONE = 3
BONE_NAME = Bone004
PARENT_ID = 2
LOCALTM 
MAT 0.995653 0.0 0.093147 0.0
MAT 0.0 1.0 0.0 0.0
MAT -0.093147 0.0 0.995653 0.0
MAT 8.95005 1.20442e-006 9.53674e-007 1.0
WORLDTM 
MAT 1.37088e-007 0.997459 0.0712471 0.0
MAT -1.0 1.34526e-007 0.0 0.0
MAT 0.0 -0.0712471 0.997459 0.0
MAT 0.0 37.0065 -0.623385 1.0
VERTEX = 9
-2.0 46.0268 -1.98418
-2.0 45.7418 2.00566
2.0 45.7418 2.00566
2.0 46.0268 -1.98418
-0.199999 47.8935 -0.0462556
-0.199999 47.865 0.352728
0.200001 47.865 0.352728
0.200001 47.8935 -0.0462556
0.0 43.8894 -0.131752
INDEX = 14
4 5 7
6 7 5
1 2 5
6 5 2
0 1 4
5 4 1
7 6 3
2 3 6
4 7 0
3 0 7
8 1 0
8 2 1
8 3 2
8 0 3
FACE-NORMAL = 14
1.37088e-007 0.997459 0.071247
1.37088e-007 0.997459 0.071247
0.0 0.614307 0.789067
0.0 0.614307 0.789067
-0.743294 0.667265 0.0476618
-0.743294 0.667265 0.0476618
0.743294 0.667265 0.0476617
0.743294 0.667265 0.0476617
0.0 0.720222 -0.693743
0.0 0.720222 -0.693743
-0.707107 -0.70531 -0.0503792
0.0 -0.755689 0.654931
0.707107 -0.70531 -0.0503793
0.0 -0.654931 -0.755689
BONE = 4
BONE_NAME = Bone005
PARENT_ID = 3
LOCALTM 
MAT 1.0 0.0 0.0 0.0
MAT 0.0 1.0 0.0 0.0
MAT 0.0 0.0 1.0 0.0
MAT 6.90039 9.24424e-007 7.15256e-007 1.0
WORLDTM 
MAT 1.37088e-007 0.997459 0.0712471 0.0
MAT -1.0 1.34526e-007 0.0 0.0
MAT 0.0 -0.0712471 0.997459 0.0
MAT 0.0 43.8894 -0.131752 1.0
